shape_id,shape_pt_lat,shape_pt_lon,shape_pt_sequence
4,26.12195,-80.104362,1
4,26.119318,-80.104538,2
4,26.119335,-80.105904,3
4,26.120129,-80.111557,4
4,26.120054,-80.115517,5
4,26.120138,-80.118431,6
4,26.119978,-80.121887,7
4,26.119484,-80.124229,8
4,26.119356,-80.128578,9
4,26.119312,-80.131287,10
4,26.119183,-80.135414,11
4,26.119246,-80.138618,12
4,26.119173,-80.140411,13
4,26.119123,-80.141327,14
4,26.119095,-80.142342,15
4,26.119461,-80.143372,16
4,26.120565,-80.143433,17
4,26.120447,-80.147438,18
5,26.172661,-80.098824,1
5,26.172588,-80.102905,2
5,26.16996,-80.101944,3
5,26.169979,-80.100037,4
5,26.167486,-80.100342,5
5,26.167372,-80.108734,6
5,26.167278,-80.111671,7
5,26.167324,-80.114334,8
5,26.167278,-80.116844,9
5,26.169724,-80.118591,10
5,26.169884,-80.118645,11
5,26.173212,-80.119316,12
5,26.180689,-80.119682,13
5,26.184025,-80.11837,14
5,26.187115,-80.119415,15
5,26.184025,-80.11837,16
5,26.180689,-80.119682,17
5,26.173212,-80.119316,18
5,26.169884,-80.118645,19
5,26.169724,-80.118591,20
5,26.167278,-80.116844,21
5,26.167372,-80.108734,22
5,26.164881,-80.109795,23
5,26.159983,-80.109612,24
5,26.155973,-80.109451,25
5,26.153919,-80.111061,26
5,26.1525,-80.111687,27
5,26.149952,-80.111641,28
5,26.145226,-80.111519,29
5,26.142427,-80.113464,30
5,26.141527,-80.113884,31
5,26.140781,-80.114609,32
5,26.139294,-80.114861,33
5,26.137976,-80.114914,34
5,26.138199,-80.102966,35
5,26.145767,-80.101822,36
5,26.152134,-80.100922,37
5,26.155531,-80.101143,38
5,26.159632,-80.101135,39
5,26.161562,-80.101089,40
5,26.167486,-80.100342,41
5,26.169979,-80.100037,42
5,26.167486,-80.100342,43
5,26.170263,-80.09922,44
6,26.100998,-80.139847,1
6,26.104605,-80.139977,2
6,26.104542,-80.142998,3
6,26.103315,-80.142761,4
6,26.100721,-80.142082,5
6,26.100998,-80.139847,6
6,26.100189,-80.138092,7
6,26.100208,-80.136719,8
6,26.100269,-80.132759,9
6,26.100447,-80.130722,10
6,26.100365,-80.127502,11
6,26.100611,-80.124451,12
6,26.100706,-80.11454,13
6,26.101343,-80.110802,14
6,26.104336,-80.108925,15
6,26.106379,-80.108681,16
6,26.10985,-80.106064,17
6,26.113031,-80.105499,18
6,26.129021,-80.1035,19
6,26.138199,-80.102966,20
6,26.137892,-80.110817,21
6,26.138199,-80.102966,22
6,26.125902,-80.103645,23
6,26.123436,-80.103973,24
7,26.119902,-80.14566,1
7,26.120401,-80.145737,2
7,26.120493,-80.146385,3
7,26.120417,-80.148499,4
7,26.120422,-80.150475,5
7,26.119625,-80.150429,6
7,26.118904,-80.150391,7
7,26.117277,-80.148476,8
7,26.115723,-80.147285,9
7,26.107445,-80.147087,10
7,26.092575,-80.146736,11
7,26.083447,-80.146347,12
7,26.081696,-80.145668,13
7,26.081438,-80.139671,14
7,26.072189,-80.139862,15
7,26.072166,-80.13903,16
7,26.071863,-80.145477,17
7,26.069815,-80.143417,18
8,26.123557,-80.144679,1
8,26.122333,-80.144645,2
8,26.122287,-80.150441,3
8,26.129493,-80.150645,4
8,26.129568,-80.147798,5
8,26.129171,-80.147809,6
8,26.128766,-80.14864,7
8,26.128714,-80.149727,8
8,26.12592,-80.149674,9
8,26.125862,-80.150686,10
8,26.123978,-80.150639,11
8,26.123819,-80.156277,12
8,26.12213,-80.156252,13
8,26.122002,-80.163752,14
8,26.121831,-80.165754,15
8,26.121846,-80.172233,16
8,26.123225,-80.17227,17
8,26.123595,-80.171979,18
8,26.123691,-80.171657,19
8,26.123707,-80.170706,20
8,26.123647,-80.170578,21
8,26.122379,-80.170536,22
8,26.12149,-80.170125,23
8,26.120961,-80.170132,24
8,26.120912,-80.170665,25
8,26.118242,-80.170636,26
8,26.118161,-80.170162,27
8,26.118278,-80.170081,28
8,26.12061,-80.170125,29
8,26.120875,-80.17006,30
8,26.121498,-80.170076,31
8,26.12241,-80.170463,32
8,26.123653,-80.170501,33
8,26.123776,-80.170678,34
8,26.123745,-80.171732,35
8,26.123608,-80.172075,36
8,26.123201,-80.17235,37
8,26.121906,-80.172319,38
8,26.121793,-80.172398,39
8,26.121666,-80.177956,40
8,26.128829,-80.178121,41
8,26.129048,-80.172142,42
8,26.130921,-80.17216,43
8,26.13285,-80.17428,44
8,26.138285,-80.1744,45
8,26.138351,-80.171319,46
8,26.146773,-80.171441,47
8,26.146708,-80.17419,48
8,26.145248,-80.174143,49
8,26.145307,-80.171522,50
8,26.138374,-80.171392,51
8,26.138262,-80.178425,52
8,26.138347,-80.17858,53
8,26.138273,-80.180507,54
8,26.138192,-80.180575,55
8,26.138082,-80.183595,56
8,26.136371,-80.183584,57
8,26.136294,-80.186313,58
8,26.136129,-80.186689,59
8,26.134719,-80.186616,60
8,26.124993,-80.18636,61
8,26.124878,-80.190752,62
8,26.121321,-80.190637,63
8,26.121122,-80.201794,64
8,26.126484,-80.202143,65
8,26.126465,-80.204181,66
8,26.126101,-80.204215,67
8,26.125649,-80.204518,68
8,26.125422,-80.20447,69
8,26.125403,-80.202228,70
8,26.121225,-80.201978,71
8,26.120841,-80.201686,72
8,26.120897,-80.199408,73
8,26.118423,-80.199285,74
8,26.118306,-80.198799,75
8,26.114963,-80.194912,76
8,26.114991,-80.19258,77
8,26.119343,-80.188179,78
8,26.119622,-80.188046,79
8,26.121164,-80.188052,80
8,26.12158,-80.172896,81
8,26.121434,-80.172697,82
8,26.121017,-80.172626,83
8,26.120889,-80.172424,84
8,26.120883,-80.170698,85
8,26.118218,-80.170642,86
8,26.118144,-80.170425,87
8,26.118165,-80.170143,88
8,26.118268,-80.170082,89
8,26.120574,-80.170125,90
8,26.12094,-80.170098,91
8,26.120927,-80.172337,92
8,26.12106,-80.17256,93
8,26.121484,-80.172573,94
8,26.121582,-80.172469,95
8,26.121636,-80.165759,96
8,26.120663,-80.165735,97
8,26.120671,-80.164766,98
8,26.120599,-80.16474,99
8,26.12058,-80.164663,100
8,26.120603,-80.164599,101
8,26.120666,-80.164578,102
8,26.120719,-80.164615,103
8,26.120731,-80.164673,104
8,26.120715,-80.164723,105
8,26.120695,-80.16477,106
8,26.120693,-80.165702,107
8,26.121636,-80.165677,108
8,26.121805,-80.16359,109
8,26.122163,-80.150709,110
8,26.12234,-80.150437,111
8,26.129481,-80.150637,112
8,26.129565,-80.147803,113
8,26.12916,-80.147821,114
8,26.129103,-80.148011,115
8,26.128777,-80.148588,116
8,26.128731,-80.149719,117
8,26.125867,-80.149625,118
8,26.125993,-80.144332,119
8,26.124118,-80.144626,120
8,26.123557,-80.144679,121
9,26.119474,-80.148323,1
9,26.119083,-80.14695,2
9,26.118853,-80.144997,3
9,26.118294,-80.143372,4
9,26.117249,-80.140381,5
9,26.116692,-80.138794,6
9,26.117725,-80.137672,7
9,26.116558,-80.138832,8
9,26.117334,-80.142014,9
9,26.11784,-80.143829,10
9,26.118656,-80.147377,11
9,26.119474,-80.148323,12
10,26.128897,-80.178192,1
10,26.129286,-80.161858,2
10,26.134588,-80.162056,3
10,26.134644,-80.15863,4
10,26.134726,-80.153778,5
10,26.136627,-80.153816,6
10,26.138786,-80.153908,7
10,26.147163,-80.154198,8
10,26.15156,-80.154343,9
10,26.153805,-80.154526,10
10,26.153486,-80.156425,11
10,26.152946,-80.15844,12
10,26.151478,-80.158394,13
10,26.151428,-80.162476,14
10,26.147451,-80.168312,15
10,26.144712,-80.168671,16
10,26.142986,-80.167564,17
10,26.142502,-80.16317,18
10,26.142536,-80.162262,19
10,26.141928,-80.159782,20
10,26.138824,-80.156174,21
10,26.138786,-80.153908,22
10,26.136627,-80.153816,23
10,26.129473,-80.153595,24
10,26.129534,-80.150711,25
10,26.12599,-80.150726,26
10,26.125891,-80.149635,27
10,26.123995,-80.149605,28
10,26.124058,-80.147583,29
10,26.124117,-80.144623,30
10,26.122248,-80.1446,31
10,26.122128,-80.15049,32
10,26.122326,-80.160767,33
10,26.121767,-80.172256,34
10,26.117496,-80.170174,35
10,26.121767,-80.172256,36
10,26.121479,-80.17804,37
10,26.128897,-80.178192,38
12,26.200788,-80.151299,1
12,26.200788,-80.151299,2
12,26.200844,-80.15226,3
12,26.200844,-80.15226,4
12,26.201618,-80.152985,5
12,26.201975,-80.152687,6
12,26.203175,-80.152435,7
12,26.203796,-80.152336,8
12,26.204536,-80.151917,9
12,26.204674,-80.152748,10
12,26.204674,-80.152748,11
12,26.205904,-80.152496,12
12,26.206549,-80.153175,13
12,26.207378,-80.152496,14
12,26.207476,-80.15181,15
12,26.207491,-80.151154,16
12,26.207478,-80.150597,17
12,26.207222,-80.150528,18
12,26.206615,-80.150513,19
12,26.205999,-80.150505,20
12,26.20542,-80.150604,21
12,26.205065,-80.150848,22
12,26.204823,-80.151169,23
12,26.204641,-80.15168,24
12,26.204674,-80.152748,25
12,26.204781,-80.152245,26
12,26.204512,-80.152351,27
12,26.203997,-80.152481,28
12,26.203497,-80.152519,29
12,26.203171,-80.15255,30
12,26.203182,-80.152107,31
12,26.202665,-80.151093,32
12,26.20323,-80.149803,33
12,26.203245,-80.148804,34
12,26.203259,-80.148544,35
12,26.203957,-80.148338,36
12,26.204733,-80.147964,37
12,26.205534,-80.147148,38
12,26.20664,-80.146111,39
12,26.207731,-80.145348,40
12,26.208378,-80.144363,41
12,26.209057,-80.1436,42
12,26.209579,-80.142815,43
13,26.120638,-80.140503,1
13,26.12421,-80.140556,2
13,26.129757,-80.143761,3
13,26.124149,-80.143608,4
13,26.124117,-80.144623,5
13,26.123192,-80.144608,6
13,26.122316,-80.144585,7
13,26.120533,-80.144508,8
13,26.120604,-80.141388,9
13,26.120667,-80.140457,10
13,26.100998,-80.139847,11
13,26.100721,-80.142082,12
13,26.101952,-80.142464,13
13,26.103315,-80.142761,14
13,26.104542,-80.142998,15
13,26.106178,-80.142937,16
13,26.107546,-80.143082,17
13,26.108152,-80.143036,18
13,26.109335,-80.143082,19
13,26.110416,-80.143127,20
13,26.111231,-80.143166,21
13,26.11211,-80.143188,22
13,26.112984,-80.143211,23
13,26.11475,-80.143265,24
13,26.119461,-80.143372,25
13,26.120565,-80.143433,26
13,26.124149,-80.143608,27
13,26.125084,-80.143616,28
